26157
26151
36029
26033
36013
16017
26049
36003
36009
26147
27137
27135
30019
23017
27031
16021
39043
36121
38019
38013
30005
23003
23007
26087
38009
30035
50015
50013
50011
50019
26099
26097
26093
26091
30029
38105
38101
23029
23025
50005
50007
50009
50023
53047
30051
30053
27077
27075
27071
36019
53055
53051
26125
30073
30071
36073
30041
27069
39095
38023
27089
53065
36089
26115
36063
38049
30105
30101
53073
33007
38079
38075
38071
38095
38099
53057
39123
53029
53009
36045
38069
38061
38067
30091
30085
26163
26161
36051
53019
36031
36033
36037