24613
21984
15167
30345
26749
118567
21773
19578
33456
28931
64089
14535
15268
14372
47873
59137
19088
29570
18267
118485
46165
63892
40856
109330
325754
65659
27184
3781
57019
147739
311838
13166
16624
27366
107709
16595
85247
49307
48219
226696
1812723
509950
96131
71998
32605
38347
51855
81417
19548
67402
16432
242875
30238
83061
9464
27864
19365
975477
621451
237629
58362
19251
23697
63954
42183
24054
26871
17589
39476
34068
21914
80668
42971
10341
37663
57508
22899
39587
14346
22593
32029
86299
15805
133913
50869
24371
21635
11013
22556
35077
8989
37580
42184
19370
14839
11300
9942
22162
11714
47606
13848
40466
32492
1021060
10110
36208
219250
40407
57148
37335
46982
153049
14603
42188
30720
19573
23322
20091
36895
87808
51013
506901
56291
81553
374975
28824
138355
237550
95317
138606
82929
155268
1986965
89073
9827
104670
15085
359183
375229
490268
40513
125915
59701
8536
19937
54167
22494
69179
7557
61802
31383
64208
58866
19180
4816
40876
31843
43247
103977
24021
6779
19368
20984
18545
12894
12722
79175
26459
19920
19326
25850
141212
90419
18730
119993
51760
100263
126971
62495
343005
50066
64841
32839
166780
21830
100753
21394
21851
15862
19298
28176
96606
39461
9848
78808
35188
17745
12824
22820
38433
78917
110087
30866
26851
47591
35611
33620
12679
26900
23401
22507
43177
12809
41871
403185
12321
27330
38740
23438
13111
53106
127016
410574
23496
82910
38575
73227
5720
50817
77497
76635
774072
99270
20367
39665
55080
988948
73675
125856
46965
14565
44955
19765
76446
44495
24901
11862
11723
71619
22109
95138
36134
10225
52289
31826
18771
138172
29980
39621
76407
38931
16231
377050
21693
33011
1316
109522
22894
25776
25599
17504
22420
130514
119222
150860
34442
2481494
42375
102100
21172
7962
438515
187313
124688
26843
87212
729254
28674