10
137
115463
330
1065
534
816
213
433
127
342
512
944
648
7299
2982
2402
3149
10082
2824
25
212
5
0
343
117
0
1099
955
20382
18
0
73753
632
472
0
0
0
311
2455
10
285
502
369
2016
2779
1897
382
21
762
1115
956
337
132
358
583
281
411
2780
839
10
0
0
26
809
15
0
0
0
0
0
0
0
0
8593
6114
0
55
117
825
396
5
679
2450
179
171
111
290
5
25918
6566
5846
1641
178
3434
86
3770
9470
1214
20339
181
13044
6473
84
386
15
0
320
1003
485
0
56
1994
331
38015
1344
217
550
6576
3789
5085
2979
172
4754
7702
6819
45
582
576
0
62
133
411
484
959
215
378
532
646
15
24
8688
1145
272
336
271
1603
1326
1223
1905
4256
1024
7192
471
346
380
55
6577
196
480
555
1899
6580
6908
2342
1788
77
5411
62
3985
574
931
2483
646
414
2415
7485
3053
1381
3632
1293
30
2444
520
733
7635
640
159
0
0
0
40167
1201
318
337
355
701
412
1102
50
36085
7126
106
0
77
157
86
906
0
0
75
1492
0
23079
5
0
654
0
1135
3813
1422
89
0
273
7290
604
631
148
322
599
1507
622
624
1239
605
1836
4089
7135
48
5
0
53
44
46
600
548
284
2010
4213
5768
103710
50
630
7648
1689
825
0
1320
592
5494
12924
5440
5
905
1065
3820
364
362
1014
534
320
5237
6375
584
325
174
19310
0
89
0
15
1089
5
10
942
363
79
6246
6261
6387
816
2153
7006
72813
2761
2772
843
1192
5644
88
34
390
18
1099
2110
11051
159
6046
154
2667
813
295
924
838
682
272
1253
909
80
70
731
1923
14066
484
0
381
45986
19053
401
382
415
95
387
1035
625
6622
4414
489
1307
3939
1269
2282
546
338
380
2288
0
10
206
619
786
2967
250
176
0
61
192
85
5845
711
741
1225
883
16
196
340
2243
1032
1298
0
0
551
115
445
50
957
1644
782
105
612
274
66
317
53
749
715
52
310
3688
221
229
1041
1866
4109
389
2912
3042
1082
2421
1015
0
67
508
325
36029
1201
7630
686
23
3969
636
983
3852
5
637
1476
6116
570
136
6919
220
26729
4303
7712
422
1495
697
681
1532
129
2756
4021
104
377
2064
3591
852
5709
74
9473
537
0
0
225
798
5
186
1216
3221
36253
701
2426
1704
1174
2957
563
320
172
836
66
13751
35
358
22228
156
325428
318
39716
31669
86417
374
6895
170
800
354
616
258
157
573
214
1035
7621
113
2250
2958
233
1891
9449
784
719
993
1382
669
287
12110
130
383
9658
21375
83
3527
372
317
286
4808
5571
2785
11604
65026
485
55
6770
627
1565
1202
571
249
417
673
177
233
506
877
11668
3529
5
78
397
1137
618
117
607
63
5696
2277
1688
1715
1750
3384
1099
107
0
264
1782
2470
940
409
150836
193954
1942
40
10
1002
801
362
1203
388
5000
68
1171
318
3213
483
1056
0
828
95
0
0
0
109
509
50595
328
878866
495
1902
554
603
291
639
110372
104
1309
654
496
0
28456
284
12569
766
565
7798
1195
14854
7294
952
191
12675
503
102
0
232
15
0
10792
924
59
64
0
747
2200
992
587
399
5898
303
374
1720
1659
2913
32534
105968
568
1148
181
926
2230
9279
4307
3801
161
2010
2266
13700
3204
2571
1589
4442
1513
530
4759
0
152
49
382
3475
4325
1382
6428
4338
1323
3294
4668
4963
5001
1844
1773
880
674
4244
254
5915
1019
9083
4010
1063
833
1260
431
2831
255
798
20
484
1017
556
518
1040
1017
526
2254
3120
304
629
0
679
421
0
2910
5
10
7002
935
428
995
2634
8453
691
69
186
439
143
697
516
167
12360
4557
7806
2125
4658
1371
1500
3531
3907
1354
4482
2436
3513
1979
1907
10066
15935
3672
15348
4226
24260
535
1146
187
105
348
89
20342
1693
20
355
1623
8591
157
339
3004
360
4637
1795
499
419
2832
33
93
292
160
910
941
5662
0
70310
5
1449
32245
346
276
10507
362
2460
41003
3442
519
107341
6280
0
366
152
330
45
212
460
24
0
6036
557
964
16
10
738
4112
69
10781
463
361
345
532
3414
801
2591
7922
381
1054
21
60008
10
52
156
49
62927
0
0
0
0
0
0
0
0
1111
1432
247
273
0
0
3467
1230
174
756
370
48
15
515
32
230
0
0
65
83
796
772
963
316
1968
188
823
289
863
5
467
0
9067
19612
41
1340
5104
3622
69834
1257
944
357
815
15
2772
13796
0
11505
584
0
10
481
3078
555
351
1564
206
621
272
591
917
351
491
581
785
126
6008
415
1476
8988
1229
17172
136
5690
11798
2949
21
0
0
50
237
5
270
3643
18607
13391
11520
439
39
110
9106
263
1320
161
257
38
550
313
168
729
0
0
16039
890
749
426
310
165
3135
625
6762
3904
1491
2126
102
13745
265
510
11172
254
4780
7941
7584
4920
156
785
938
2548
1982
3047
0
19772
801
263
748
748
163
634
723
91
5222
226
1543
112890
15
5
712
675
8093
20103
4412
45640
0
3779
822
902
159
582
664
20
458
5573
1183
30244
297
595
0
559
0
987
18304
364
4070
511
12032
486
1191
15
10
3416
7081
4545
2689
3805
1763
2358
2250
1149
225
719
3330
418
327
5713
18476
358
382
264
85
1556
415
4795
122
1491
502
0
0
551
2389
218
6262
414
72
766
2618
392
331
632
2471
4015
5216
4481
602
550
775
945
556
448
510
6114
205
426
15
108
0
920
2555
3975
1610
906
350
4301
2273
8085
89
974
1035
2369
613
1251
10754
201
779
3227
0
66
2895
355
120
4135
226
4769
756
3317
719
1999
215
536
4208
884
1026
7024
96950
784
526
79
1833
161
0
1122
111
5401
1128
1061
1263
1796
112
391
43
182
17080
0
4969
712
200
3932
14951
8281
2111
70
337
0
62
2635
1009
816
450
184
51
3006
607
2391
452
192
0
0
1004
867
351
687
399
1454
10
416
511
1062
670
760
318
239
145
5
120
182
0
692
0
0
0
0
323
162
174
745
181
115
1708
1472
918
796
2201
212
43
10
128
456
678
110
328
337
182
161
5
224
2844
904
463
137
773
1152
1429
2365
15
448
334
0
692
973
518
2402
244
3436
220
437
418
65
3282
1012
176
86
201
64
493
1134
645
580
55
1546
47
0
3217
5
39
1952
2079
226
746
955
211
100
44
649
93
139
196
14879
35
48206
368
135
230
0
5479
377
468
954
27
125
442
17706
889
5719
48
171
425
6652
730
248
5801
655
80
7785
2182
932
6670
46599
8198
967
80
1686
836
624
1979
107
945
1644
40
548
2405
563
361
766
430
393
4699
23
121
6174
408
596
562
3215
487
73
675
1010
1491
995
3696
103
1181
210
4924
38
564
211
70
1150
292
3570
2367
526
4291
2214
20555
20821
3415
323
1837
1838
5794
1824
3356
1635
2842
330
2123
1429
7677
7238
576
0
613
790
509
2766
474
991
147
24
1019
429
150
509
226
3005
403
666104
17373
7585
679
6674
445
299
1335
512
0
298
537
902
766
161
570
1004
449
21
10039
1440
2589
470
509
11956
360
320
290
517
97
1321
745
548
655
1331
171
154
2818
238
356
694
245
1595
217
454
3259
478
61
225
798
448
889
11052
0
50
604
2741
140
5449
453
16127
0
16808
20085
258
181
2348
10242
1055
1048
459
335
5
0
3750
506
482
855
700
136
305
1430
820
45
3150
1806
1109
1581
7747
313
483
2686
678
48
150
629
2947
397
2918
4611
607
872
602
46
246
308
62
382
2049
867
33
394
330
29
97
3697
1138
128
95
780
348
16521
6000
267
762
325
575
0
1218
698
803
564
682
0
0
0
0
0
16764
531
870
3748
40
441
0
1998
28143
46
8315
106
549
1001
530
437
2990
0
761
4188
390
753
1940
525
36
239
13121
401
1163
2185
15
1927
16034
215
599
1661
477
733
1615
3168
1055
55
159
10
10
5
5
5
0
380
2337
344
1254
144
326
414
1293
172
741
15
1603
1781
0
378
1268
596
745
716
1032
3400
1237
1827
387
3406
3178
4527
564
1412
479
2057
47560
692
1081
2810
121
1322
195
149
2639
1498
1638
302
319
2025
345
40
314
682
286
161
0
66
476
671
4372
62
2084
5167
9651
5
5
2021
859
725
665
514
350
339
14932
102898
321
128
721
1991
10152
10381
39263
159
488
69
2654
3906
862
757
1178
0
406
522
3501
1657
339
231
1285
306
25
693
369
432
475
212
0
960
45
515
848
375
305
158
43
126
207
656
276
459
1712
518
0
63
354
845
697
258
2163
327
7604
1528
1156
471
1359
39
4020
125
56
344
75
693
70
284
25
287
1844
473
738
105
1260
898
0
274
615
1500
44121
11335
2841
4949
366
1238
5858
13340
4054
294
188
2610
355
591
732
3828
36983
15638
853
660
4559
3556
374
1309
0
13179
281
264
1216
489
839
814
85
15
422
353
468
392
69
525
401
1187
409
10899
210
550
529
136
2290
15132
155219
8034
498
16978
383
5662
5439
1091
666
105
133
15
1067
1315
2109
563
2147
9196
395
1163
21297
2435
163
90
702
61
573
543
457
106170
11174
300
108
140
1016
143
251
252
5165
35
401
711
237
4543
531
115
109
43728
37
137
5
5
359111
117
609
48184
10785
490268
0
0
479
858
289
942
544
167
312
6974
2721
3997
25
495
2986
6869
10789
459
1202
245
174
7969
363
2079
3380
1106
448
743
2564
1065
557
785
518
232
0
239
837
1343
311
902
446
429
349
0
3992
709
1491
1190
794
4479
2057
3291
57
445
10314
915
346
3510
269
710
345
308
71
126
228
1907
5825
124
495
736
298
307
2425
1330
183
724
1703
1482
15
475
812
602
1275
35
5
25
297
5
3444
2737
9345
1674
3022
0
241
1474
1288
159
470
566
193
258
174
2380
437
9405
175
322
374
190
622
398
1906
852
701
746
6184
5
340
559
5
786
1362
324
52
2567
53
160
3577
580
3779
271
38
918
4796
490
1783
1492
1039
235
188
66246
1800
5161
911
354
5
2666
17338
9680
249
1794
6224
10
181
26
131
582
9424
315
1286
1709
1268
0
143
339
155
1497
49
27
369
0
214
932
1758
398
97
0
10977
5
4367
131
48
6928
28666
219
20
458
1294
0
2894
0
664
284
422
2858
847
6009
5769
3823
5236
1304
950
435
5217
1038
0
0
283
199
71
35
813
388
10
208
709
532
401
298
161
420
467
624
198
158
252
124
4180
5
169
50
298
889
37
851
658
20
687
15
17837
290
54842
385
65
0
5
40
77281
1410
700
2009
53
10
462
0
710
0
536
0
436
0
98
15
62
0
0
5
9238
0
345
740
1032
189
44
96
224
31
69179
540
0
786
773
242
1184
15
85
521
20
0
0
0
5
0
402
0
0
265
991
317
471
96288
1722
615
183
1007
617
282
83
243
20
15838
119
7631
182
1385
2478
4926
5610
1197
360
1111
822
385
443
15
716
2492
91
1004
428
2221
10
6484
433
896
161
11029
4548
1138
18533
244
368
159
771
257
22430
11619
7943
5167
141
6653
100
2023
491
2817
114195
19619
255
702
817
315
40
366
231
521
1037
269
1802
20434
8616
199
10
651
511
295
190399
435
219
1081
0
10285
81
1948
2998
10
88
4475
560
671
265
23
42
79
0
10
10
101
5
5
0
0
52
5319
166
1984
1583
1456
3241
2169
50
23
25
58
605
1212
162
75
37
302
0
279
0
1932
0
555
0
360
478
19940
529
2894
1050
629
549
1553
710
1716
2136
1015
9143
266
1080
291
406
794
6453
15673
120
4518
18896
1879
536
386
944
2727
7728
295
11298
1073
573
393
2272
7744
1288
226
629
0
2405
1089
2776
984
1181
501
702
8948
0
708
5526
0
0
3039
0
0
0
1539
1313
488
0
5519
0
0
0
1370
0
5444
0
0
191
0
0
447
0
0
657
0
0
0
911
0
32
362
242
0
0
1165
420
0
0
137
0
2276
77
163
94
21709
40222
0
11628
0
0
23
0
1834
0
0
0
0
10
0
10
5897
0
0
0
0
0
0
10
0
1503
9384
10159
0
0
0
89
0
0
382
8912
488
184
429
0
239
683
993
1439
0
0
0
0
104
0
6587
446
9477
303
1021
236
1154
1036
242
35
289
9267
2827
274
175
16
314
501
2900
376
330
0
99
4959
664
28746
480
26
384
15
477
0
346
527
1525
10571
1580
1692
4167
650
4795
75
15929
161
1072
189
2815
3610
1107
647
784
18840
1145
86896
23643
0
1289
1984
3869
877
270
241
635
1155
654
790
613
21
1050
73983
25285
783
1933
231
1063
783
15615
376
363
4969
357
259
2750
8733
402
2376
1528
343005
5967
1277
757
779
540
629
432
785
467
2872
17668
969
914
453
1309
27138
447
761
3236
207
587
15032
12528
9069
807
1058
381
306
341
4855
261
4963
0
343
4208
2931
865
59
413
637
2378
695
402
5128
3010
1027
2106
589
1220
30
15
877
2825
226
2944
67374
9930
40926
575
3312
102
94
13861
127
266
0
2275
9375
2741
197
362
146
5548
20612
636
419
332
187
0
1379
331
512
1385
1319
3866
1519
1442
509
135
144
176
166
19
312
528
792
0
0
567
199
148
250
10
16
427
7840
13148
456
460
701
25
2185
1872
77
171
365
336539
190
362
382
0
742
48
940
505
1352
128016
300
318
788
234
143
384
13737
622
2033
9476
1411
227
1900
1720
864
1242
1194
886
585
671
410
330
542
825
732
780
1161
688
448
1016
1775
806
908
578
883
1516
1123
942
780
813
859
773
1634
1097
2344
1536
782
504
524
620
503
431
311
820
887
489
390
586
1606
1124
880
781
890
407
440
443
469
1086
544
1276
320
815
484
994
974
1829
176
879
898
228
892
22
5
989
7622
650
71
5
852
50
28
48
14590
4201
1351
354
0
1709
21
1618
622
1581
0
1646
25570
2568
602
308
248
0
699
1685
281
319
0
10
56
0
1519
570
5320
1452
0
882
849
1143
5206
8829
1330
85
10
170
96
0
4406
457
2044
1342
73
14283
5891
1993
0
991
995
357
605
81
397
175
384
101
10
0
736
17
184
98
8809
3704
1095
81
1646
775
212
604
191
0
204
2949
3571
248
430
1882
1293
722
305
905
2077
10
208
2270
1156
2628
63169
9303
4416
0
167
1420
47
106
2458
487
7240
265
208615
67
2627
557
3985
94
388
446
276
633
373
623
0
4365
339
468
495
359
379
450
5908
29556
1861
1087
926
707
770
9799
557
308
61
1939
11635
707
0
449
0
417
73
166
2270
114
891
1730
0
1570
440
164
0
443
366
26
1513
88
711
33
431
525
522
2608
787
729
571
933
517
271
804
70
598
3984
59
766
6843
126
1815
90
4582
10
2761
367
676
204
51249
144
611
189
453
2796
951
5559
1111
2449
316
4453
16
621
4719
40
293
885
9442
0
2812
7088
146
1169
1322
4198
4857
69
207
101
35
70
3668
496
546
300
14242
1744
16214
638
320
196
289
176
542
879
821
1209
118
2037
884
319
115
31471
199
1185
188
0
88
3436
5312
391
353
969
573
198
1152
538
2426
2776
8164
684
95
27330
18508
492
573
766
0
38
31272
339
27
360
612925
51
11647
104
557
0
2597
31
597
234
930
8743
61046
564
6922
1945
3671
222
0
580
0
728
519
534
1400
1244
422
1039
60
5886
7365
334
11654
465
548
734
1039534
861
347
3547
83600
5172
1067
710
18682
3102
14270
619
239
8352
20
1201
409
0
32131
1388
740
515
185
1210
0
2361
514
528
936
368
6142
332
10
190
381
2575
6540
447
252
2723
1673
410
3499
151
248
522
241
760
433
379
686
450
117
0
704
50
183
507
700
24964
420
312
886
169
829
401
946
643
12134
304
0
379
379
904
235
3099
653
0
222
1171
357
435
215
1294
640
5
5
0
0
0
291
514
6042
331
0
0
0
0
5
0
0
0
0
0
0
0
0
0
0
0
61
1280
1305
5
322
79
1042
107
761
1159
420
0
31
469
1698
372
532
0
0
73000
6423
3522
929
4656
4820
5546
7041
3108
20
33
158
238
77
207
1424
1841
3073
366
761
200
119
20
429
2049
3325
1697
207
366
0
197
1021
9298
1710
0
0
0
0
566
153
15
5
10
0
32
107
88
35
304
3346
70
716
1478
1431
95
399
538
9432
750
4906
2286
4284
292
223
0
105
3760
21
382
1874
26141
54656
422
1228
405
7137
65788
1808
756
2832
587
78815
13839
10
15
155
442
7928
42
983
4275
1274
1964
1553
1378
1856
51
189
85
1921
0
615
10
436
2064
119
286
60847
267
666
3524
852
1019
485
843
29
786
2729
13692
1078
52771
51
26148
1853
8769
11014
1801
10589
13581
44
746
3177
4984
2144
218
6901
2941
3067
3627
2840
938
3855
12055
136
838
516
637
10436
544
231
6855
140
40
237
82310
44303
551
1708
2531
375
3599
4217
937
100
2606
728
521
97
1222
1370
252
3950
10478
619
798
284
395
811
689
706
8546
216
306
714
2176
817
876
620
1659
858
409
759
831
1294
1030
7316
44
712
1453
984
2152
1382
5055
899
1109
1172
401
776
1960
1093
0
0
5
119
17798
359
332
1111
144738
64
1666
0
0
0
0
127
0
376
0
0
0
0
0
5
0
0
504
952
32
724
505
425
242
762
292
64
758
0
3194
1800
95
1897
1122
4154
5703
1996
1989
2052
1969
152
11664
299
5
714
475
6607
860
4224
5862
2361
10
318
10
0
0
1739
0
847
325
235
30
5
2025
137
0
0
148
3436
25248
0
0
1987
29121
1728
3647
18315
8843
249
25
139051
823
187
283
4295
567
6669
774072
7866
553
2129
22933
21431
1132
1332
1731
1020
58
120
1427
1452
0
580
238
171
1065
285
2192
228
24
1527
20
255
1276
997
2247
39
0
2649
667
9598
486
152
326
533
339
889
645
366
97
27252
130
10323
1529
375
6124
2198
185
0
427
3133
35
3326
343
72
417
286
16
0
172
259
65
1496
6240
4997
5830
5857
3142
4654
193
15
1375
396
2515
1537
256
15272
0
5
690
112
1153
18
303
328
1637
1769
13490
0
8316
1729
0
150
2417
533
494
30985
901
0
41
3614
372
430
538
2252
1288
6003
12218
4304
1908
14398
71446
44
821
811
1966
1444
730
216
0
0
1365
0
849
4849
949
55
503
0
369
167
140
346
10
87139
399
3875
6355
6242
9181
1701
2122
449
54963
950
373
0
443
443
85
391
1850
676
1500
3666
3197
10107
696
650
1038
1688
6209
229
140
331
1567
14670
272
4426
1004
347
1219
120
183
379
98
673
147
6756
2671
725
671
75
7359
3097
10
94
2101
142
685
322
169
1513
4171
1413
5604
29286
913
6902
457
1931
1041
303
681
1220
6330
8852
821
550
4643
7146
206
684
0
84
373
644
235
1096
820
17743
1126
172
242
1010
642
525
580
516
18450
51257
659
436
4574
3701
15605
509
102
2821
23816
432
812
486
6791
12976
255
6412
1559
0
1436
253
5866
215
0
1741
833
1669
751
505
3252
12983
988
1450
2135
1129
367
750
345
277
1074
1092
684
164
4228
8280
1800
436
45
0
1010
34291
86
3380
24901
72406
14643
829
2610
5703
340
100
1980
2635
203
5
1464
317
0
432
5885
1287
519
230
95
71
6921
648
305
0
198
0
169076
11694
1223
10044
53
439
212
41409
107
13757
87
1153
401
583
735
274
1552
1584
976
200
0
81
93
981
1605
304
90
8615
754
96
2177
0
424
265
10
197
182
8648
3200
625
416
343
0
264
67707
18639
309
224
4233
602
1233
629
461
279
4372
185
917
2172
0
329
77
178225
1039
495
0
367
202
423
7942
442
54550
612
0
215
267
7500
810
1298
175
4183
20
4851
1997
1341
1693
1404
3424
164345
132030
4082
1876
3848
193
9687
85
6095
317
2118
31305
2058
1265
165
4958
274
264
143
1119
856
495
393
594
17010
161
689
415
48
1464
1477
0
0
0
17772
553
1119
85
0
0
0
0
0
110
1177
0
622
0
287
0
856
825
241
886
1705
10906
955
1818
15
887
570
162
215
58
18667
450
30
7654
197
1002
6208
42
30688
375
1003
159
1356
1248
1035
356
290
451
190
668
395
92
569
1598
493
366
13391
188
2471
109
337
524
568
1412
3646
1504
1801
314
11505
2583
434
406
421
25
28270
5642
1041
1300
3527
0
25
430
0
0
65
359
12412
544
1587
20
609
632
437
0
103654
346
3245
443
0
114
10
5
5
1266
5361
2053
559
632
2566
0
5
870
160
268
547
1869
639
1595
2350
1430
69661
1248
2024
3796
677
1856
691
530
962
2684
530
398
2906
531
955
751
1170
1475
2388
1849
324
530
757
665
2909
432
755
2805
2691
7278
3463
3383
2592
1769
634
3434
2867
218
554
2630
3224
1472
11488
5196
158
1417
1519
3395
3930
1263
1156
336
6691
1365
424
626
15727
720
1243
884
2000
705
2575
12385
855
47
1543
2028
1499
592
1997
1043
3998
2384
1129
552
23843
4912
440
907
1582
737
647
4850
2095
10668
2237
703
5798
1878
322
1736
2392
2590
1080
531
380
285
1586
7520
1923
3239
22577
1899
1231
603
1312
792
3863
449
1327
1173
627
1983
2170
883
2347
474
2498
2183
589
2231
476
847
3444
9215
1191
7116
1571
1066
1450
631
1200
2752
5062
2151
1889
637
1168
922
1914
2511
6835
2683
12908
107
570
1371
638
928
1338
1608
2218
1279
3383
724
15953
1970
4681
415
1961
876
754
330
3135
577
1558
1527
1533
849
518
611
1195
675
1278
730
533
1474
400
1500
884
355
882
1256
452
919
473
72547
453
503
3278
1082
2387
1005
1126
1594
785
843
946
1521
3639
384
1168
323
354
1128
26580
7182
1884
888
1541
7947
340
739
294
1478
352
923
508
324
1769
2011
425
1279
235
1034
2093
11320
1135
489
2466
1166
1094
6162
8742
3740
2633
10940
528
591
930
1463
199
1990
993
1038
2585
885
334
388
4170
1476
768
409
403
1049
421
8966
798
626
1850
2513
24269
1165
377
774
463
8897
3833
1084
608
439
474
1462
636
40378
605
1050
2321
1848
1021
2790
10622
938
1521
5465
790
2477
2014
1492
316
858
489
572
807
1604
587
735
1976
2001
294
1087
2003
2775
2590
1208
2256
859
553
1923
1829
20787
3854
1098
674
1073
881
4110
2176
257
303
3661
1910
294
1803
373
1575
58
106
3807
776
595
528
109
1148
6039
3835
1664
804
75912
1322
1277
38739
1151
1880
679
672
1785
877
2667
2371
788
1715
3692
771
177
1573
906
862
693
2704
17089
376
201
1768
296
786
3602
713
3372
37386
24583
1154
1471
666
1159
1717
4487
1642
235
415
913
222
586
1121
460
1758
4882
1126
535
415
829
657
1086
21051
251
4857
77391
1617
12895
1183
380
802
1060
69604
2231
1010
1268
1144
966
2829
1793
12384
1906
758
991
855
7246
437
1357
0
1427
20573
483
839
609
1273
1203
764
705
952
1348
518
615
2855
469
531
629
335
1957
2598
4149
1961
2236
601
700
1266
2292
1288
281
1629
2532
1633
2414
1332
1008
890
633
1858
1028
1009
2028
905
409
806
9966
16645
493
1046
897
516
1438
379
622
1624
1706
2847
3643
1105
1915
951
3616
2863
374
1935
853
1576
855
362
3892
953
2396
2531
440
293
495
848
126
899
1891
600
1273
1537
1657
2702
3802
531
1557
2280
2231
8836
6349
5736
476
582
968
1793
690
4164
306
1760
1003
310
674
10825
771
693
984
4806
3316
811
766
337
278
925
1211
984
468
451
1118
442
439
210
1076
340
1630
3343
840
935
773
503
1544
800
2915
4000
576
797
313
8299
3845
1426
1460
1649
1430
1144
479
1308
862
1775
1045
116
525
2460
1132
2100
1180
434
825
4158
187
26170
3382
1954
1072
0
37
1120
15210
746
34
0
0
494
801
203
0
837
3069
15
262
1092
2446
83
201
0
1704
0
377
684
70876
695
284
639
120
506
196811
1004
10
677
11388
74566
0
479
17
6963
152
59
10
836
1999
379
136
0
240
5
129
1448
29
105
642
1705
110
235
10
20173
535
24
0
370
417
21
109
7775
36
795
865
322
1834
3698
0
230
0
477
9752
267
131
50
238
3275
1192
970
23791
323
5
0
11135
1653
54
0
66
10
897
35
241
3668
1775
174
17535
11544
1582
816
4292
4892
115
34
887
5133
121
148
4925
2013
4122
185
991
1276
1728
946
1827
178
75916
1054
66
88
142
372
0
5600
2872
2878
578
801
330
0
0
438
140
659
0
0
2466
176
2720
10929
766
1513
171
2767
11909
94
39
532
126
222
511
3844
567
194
145
5336
577
1050
95
0
0
34
0
0
27
91
50
538
460
1045
241
743
0
23
66
267
186
0
10
205
0
5
84
5
259
156
6600
677
565
336
174
0
480
178
55
16414
5414
9140
1011
4417
2379
1830
524
1207
55
459
8735
234
34194
1248
1683
326
1278
44
578
6063
8090
821
10783
16415
12700
10019
808
47
1246
1098
709
1040
586
11941
87
1738
696
591
2083
693
6907
6144
7782
4487
52
0
261
612
5134
2694
3812
0
2331
1469
1514
71
20
5
0
5
1100
824
907
1429
1581
457
3045
1523
12602
4091
525
16104
20
15983
70
50
213
409
10
14247
223
428
1504
750
45
83
111
5
319
0
1372
53081
415
10695
574
2730
135
109
657
251
473
505
129170
14659
558
9115
1024
1509
1354
102
121
237
707
99182
1201
152
1172
1558
1385
290
98
474
1154
822
374
6293
505
2766
0
5061
6145
330
917
267
295
144
4667
2184
33236
49
446
672
1245
0
908
358
389
454
1915
460
5139
1248
0
579
2995
1056
661
223
0
482
1011
2210
442
50
4427
1513
895
1047
394
9227
172
4809
110
7109
1993
5215
5357
661
40
101
1388
931
877
4887
265
303
2475
238
7337
5266
545
4012
2173
413
9589
1100
189
606
10
99
383
720
893
760
6314
873
29676
892
628
71986
7621
19114
273
1369
42
27
0
1603
3721
614
965
40
18067
873
871
15
0
627
51
549
310
278
2910
3529
276
1010
10713
14654
0
111
86
598
37
0
2267
983
477
95
50
24
176
35
2374
2353
3090
3311
1971
215
347825
2560
4182
1321
1631
1893
295
0
1807
10
423
146
2923
4032
307
530
0
0
14821
1706
15
63
115
0
7493
6012
7671
0
8578
307
0
870
206
0
600
173
183
720
21
110
466
534
514
228
0
0
0
0
0
9162
1143
25105
316
367
63
20
1371
893
2903
30
12109
1950
2047
43149
364
630
123
0
144
30
1058
12473
505
118
280
134
548
10599
5795
29
381
1386
123
16628
3060
133
0
10
1333
13256
4399
368
1307
1302
1509
2860
1793
707
3257
3746
462
3120
408
120
18048
799
2902
713
109016
6223
752
44
0
2436
1149
831
422
14052
10
285
108
549
0
3275
43686
1339
9035
0
3063
1053
82
45
865
0
1818
1466
143
191
100
5474
1723
62
2481494
231
331
714
10
10
4724
601
7575
85
407
272
5
1177
644
3579
2798
889
598
1238
35
1333
240
1102
1033
3635
469
46264
23287
70
20
616
11457
175
322
5
474
0
0
195
5022
856
81
76
387
0
67
1982
37
665
116
930
473
268
1851
1608
155
338
0
1146
358
465
97
5612
2611
67
1091
2614
61
3769
0
223
683
0
1136
1559
0
357
5
348
5
100
225
586
2243
17
1303
28
347
1774
159
5
175
1986
534
812
121
17377
134
481
143
1022
952
612
21332
997
2411
978
3819
732
685
7842
22748
1195
1532
1882
380
1856
2216
20
115
169
2479
545671
4390
187
11054
345
2617
19653
988
19920
893
182022
1112
61
5376
1243
4782
60564
83
3948
7524
33494
292
381
35
1798
119
1181
74125
265
3301
4217
38841
474
7271
1052
10
2770
519
269
3109
272
434
322
1762
3778
601
998
2679
74
510
161
182
860
51
153
1894
1412
444
49
260
0
6258
5117
4231
55
91
884
30
2657
333
889
15
1547
955
1843
381
425
434
0
329
354
94
560
333
1739
3481
379
3798
332
4874
4025
12419
1122
169
208
0
1699
252
0
1261
859
518
577
376
3993
86543
1824
1808
794
912
444
31
516
643
538
1135
697
51
532
600
20
2646
65
90
131
1467
219
48402
9365
382
3440
372
11305
235
108
1497
0
1095
1042
1555
434
1121
46
105
5464
10
11741
13780
851
12268
52
13114
9129
175
4085
41421
2017
948
2131
4819
6859
1006
19727
311
647
3879
11154
10695
183
9534
864
453
305
0
778
7889
178
547
118
60
8896
930
87413
22008
536
155
1013
1175
436
36
993
18250
73
570
8334
0
48
46
333
268
0
1457
19058
1637
1617
0
853
725
6520
324
947
0
5
635
402
2516
1885
2427
322
29
1282
11153
273
23
287
281
395
439
5412
818
47
301
1219
14866
1560
573
3778
5321
208402
228
0
7943
154
619544
801
621
240
343
327
560
257
111
121
341
10
1056
3658
146
679
766
473
526
41466
325
40
10
370
417
97
3453
3818
15
243
1977
5198
33061
250
939
366
18201
1568
593
210
1137
165
407
0
0
1919
42
17
2631
456
241
93
10476
7561
118
10
71
24
55
422
9881
16541
406
98
388
421
15107
299
184
1221
5
10
111
224
40
231
0
34
35
8052