01071,4
01089,11
01117,8
02020,23
02170,7
02201,4
04001,19
04013,94
04019,52
05031,6
05069,9
05073,7
05115,2
06001,8
06013,24
06019,6
06037,404
06053,16
06059,94
06061,15
06065,50
06067,5
06073,55
06075,29
06077,17
06081,18
06083,13
06085,18
06089,3
06093,2
06095,7
06097,42
06099,7
06101,5
08005,42
08031,9
08035,13
08041,7
08059,10
08083,4
08117,2
08123,3
09001,36
09003,7
09005,12
09007,17
09009,10
09011,6
09013,21
10001,15
11001,7
12003,14
12009,9
12011,44
12021,22
12033,7
12057,36
12069,2
12071,5
12075,2
12083,9
12086,27
12087,10
12095,56
12099,21
12103,14
12111,18
12113,6
12115,19
12117,11
12127,52
13047,8
13057,6
13067,54
13089,68
13093,2
13111,10
13121,48
13135,9
13247,31
13297,5
15003,10
16005,5
16021,3
16025,3
16055,4
16065,21
16071,4
16075,10
16079,8
16083,6
17019,8
17031,53
17043,16
17089,5
17097,16
17111,9
17115,6
17155,2
17197,36
18003,25
18019,10
18031,6
18085,12
18089,16
18097,14
18121,5
18133,7
18165,1
18167,5
18179,5
19049,5
19115,2
19153,6
20099,8
20173,10
21061,2
21077,2
21111,17
21157,6
21231,6
22019,7
22033,13
22051,19
22071,6
22105,8
22113,16
22119,5
23003,73
23005,21
23013,16
23015,6
23019,8
23025,3
23029,32
24005,15
24025,15
24031,27
24037,6
25001,7
25003,2
25009,6
25011,2
25013,19
25017,24
25021,20
25023,38
25027,20
26005,2
26017,4
26021,3
26023,2
26033,42
26035,2
26045,7
26049,22
26053,5
26065,14
26093,10
26099,95
26103,2
26115,7
26121,8
26125,219
26137,4
26139,7
26141,1
26145,24
26147,36
26151,7
26161,21
26163,228
27003,6
27005,3
27007,2
27031,3
27035,3
27037,2
27039,7
27043,3
27053,52
27055,2
27057,2
27059,4
27071,59
27077,4
27121,1
27123,16
27135,5
27157,3
28047,11
28085,6
28135,4
28147,5
29029,3
29047,3
29055,5
29077,10
29095,9
29099,7
29105,3
29115,4
29121,2
29145,7
29157,8
29169,6
29183,9
29189,23
29207,6
29215,2
29225,7
30001,7
30009,2
30013,3
30019,2
30031,8
30035,6
30053,10
30101,20
31055,5
31141,7
31159,6
32003,67
32007,4
32031,8
33005,1
33009,2
33011,4
33013,1
33015,37
33019,1
34003,56
34007,2
34013,28
34015,4
34017,5
34019,21
34021,9
34023,81
34025,11
34027,9
34029,2
34035,10
34039,19
35009,20
35015,20
35053,6
36001,10
36005,11
36009,12
36011,20
36017,1
36019,58
36029,184
36031,3
36033,4
36037,5
36039,2
36045,9
36047,56
36051,8
36053,3
36055,19
36061,122
36063,113
36067,27
36081,14
36087,5
36089,21
36091,8
36103,14
36107,7
36113,2
36119,50
36121,3
37001,11
37067,1
37071,7
37073,22
37081,8
37119,17
37125,4
37147,15
37157,8
37181,8
37183,20
38001,5
38013,2
38017,11
38023,2
38067,1
39009,6
39023,5
39035,34
39037,6
39039,5
39049,4
39055,7
39059,2
39061,8
39065,9
39085,15
39091,2
39093,9
39095,23
39097,6
39109,5
39131,2
39151,4
39153,31
39169,13
39173,10
40011,3
40017,10
40019,2
40023,3
40027,6
40031,7
40071,4
40083,3
40097,2
40121,1
40137,13
40143,21
41001,3
41019,7
41027,6
41029,5
41035,7
41039,6
41043,7
41047,19
41051,14
41053,7
41059,2
42003,31
42005,12
42007,5
42015,4
42017,14
42029,32
42033,10
42039,6
42041,6
42043,3
42045,16
42049,7
42055,10
42063,11
42065,2
42069,17
42073,8
42075,6
42077,16
42085,2
42091,6
42095,10
42101,30
42107,4
42125,3
44007,8
44009,6
45013,11
45019,3
45023,5
45051,7
45059,18
45079,9
45083,11
45091,14
46051,4
46063,3
46091,2
47007,11
47021,3
47023,8
47025,5
47107,7
47119,7
47125,8
47129,2
47149,7
47157,14
47169,5
47187,15
48007,8
48029,1
48039,7
48085,40
48099,14
48113,67
48121,29
48123,14
48141,6
48157,11
48167,10
48189,10
48201,70
48209,12
48213,7
48291,2
48329,8
48339,57
48347,3
48389,8
48439,55
48465,9
48467,9
48469,9
48491,12
48493,9
49035,36
49039,1
49047,4
50001,6
50005,7
50007,35
50011,34
50013,24
50015,29
50019,32
50025,2
50027,10
51005,7
51013,11
51041,29
51047,7
51059,15
51061,12
51095,18
51103,2
51550,9
53005,14
53009,9
53011,41
53015,23
53019,2
53029,19
53033,132
53035,7
53053,26
53061,31
53063,38
53065,3
53073,648
54029,7
54037,5
54039,16
54057,14
54103,10
55009,6
55019,2
55025,17
55027,2
55059,5
55073,1
55089,23
55099,1
55133,2
56005,6