01003,4
01061,10
01069,10
01071,8
01089,6
01097,15
01125,12
02261,2
04003,182
04013,154
04015,19
04019,246
04021,7
04023,396
04027,131
05007,10
05033,8
05061,11
05113,6
06001,19
06007,6
06013,35
06019,31
06025,459
06033,11
06037,722
06039,6
06041,9
06057,6
06059,202
06065,57
06067,26
06071,118
06073,2532
06075,12
06077,8
06081,42
06085,19
06089,6
06097,15
06111,29
06113,25
08001,11
08005,8
08013,15
08031,46
08035,22
08037,19
08059,12
08069,22
08109,3
09001,6
09003,19
10003,7
12009,7
12011,63
12021,12
12031,6
12043,2
12049,15
12057,28
12061,12
12071,7
12081,7
12085,19
12086,139
12087,33
12095,20
12099,32
12101,4
12103,13
12109,24
12113,5
12115,27
13067,19
13089,66
13115,3
13121,3
13123,5
13135,10
13139,17
13187,8
13227,3
15003,11
17011,6
17031,173
17043,48
17089,6
17095,7
17145,6
17195,7
18003,4
18039,14
18097,48
18105,14
18141,8
20055,4
20057,11
20091,8
20173,7
20175,5
20203,2
20209,17
21099,3
21111,3
21173,7
21207,4
21239,18
22007,15
22033,8
22039,8
22051,5
22055,5
22057,7
22059,7
22067,8
22085,5
22099,7
22105,1
22109,18
22111,2
22117,6
24027,7
24029,5
24031,8
24033,26
24037,16
25007,16
25017,13
26025,7
26045,8
26049,7
26051,2
26057,2
26075,2
26093,9
26099,44
26125,45
26137,1
26163,39
27019,9
27023,2
27039,3
27053,20
27071,2
27145,4
27163,10
27171,13
27173,5
28001,9
28003,2
28029,13
28035,12
28043,6
28045,14
28049,12
28081,12
28131,17
28141,2
28147,6
29095,24
30013,4
30043,4
30107,2
31055,24
32003,19
32005,5
33009,2
33011,11
33019,5
34003,14
34013,25
34015,5
34023,6
34025,2
34029,8
34031,25
34035,8
35001,65
35005,6
35007,4
35009,3
35013,86
35015,13
35017,6
35025,33
35029,20
35031,3
35035,9
35039,3
35045,11
35047,8
35049,10
35061,12
36005,13
36021,4
36025,3
36037,4
36047,43
36059,5
36061,12
36081,50
36085,4
36119,27
37031,9
37035,29
37041,7
37051,9
37061,2
37067,27
37081,27
37093,9
37119,2
37125,12
37135,5
37147,11
37151,8
38105,7
39007,8
39015,7
39017,10
39025,7
39035,10
39041,8
39049,13
39061,5
39087,9
39089,6
39091,7
39099,9
39103,12
39133,5
39153,10
39165,5
39169,5
40079,2
40131,2
40139,12
40143,7
41017,27
41047,12
41059,11
41067,27
41071,1
42003,35
42007,22
42011,9
42017,9
42027,2
42029,7
42045,6
42079,5
42095,13
42101,17
42133,8
45015,16
45019,6
45043,3
45061,7
45077,5
45091,22
46013,7
46047,6
47019,6
47021,3
47035,10
47037,20
47057,1
47061,2
47063,7
47065,8
47093,5
47101,15
48019,2
48021,11
48027,3
48029,200
48039,43
48061,1240
48069,7
48085,34
48091,36
48105,14
48113,106
48121,33
48141,3297
48167,10
48177,6
48199,5
48201,134
48203,9
48209,19
48215,1460
48217,5
48275,1
48285,3
48295,2
48321,12
48323,142
48339,27
48349,6
48355,23
48369,6
48373,5
48377,41
48381,5
48399,13
48409,12
48419,6
48427,111
48439,78
48441,8
48451,3
48453,80
48455,7
48463,6
48465,410
48479,575
48489,4
48491,33
48493,3
49035,59
49049,8
49053,6
49057,4
50001,2
50025,2
51059,47
51167,6
51510,8
51590,3
53001,7
53005,11
53007,4
53033,51
53049,2
53067,1
53073,2
53077,31
54039,5
55009,4
55025,24
55093,2
55127,13
56003,2