0,47
3,6
73,1023
0,137
0,125
3,3168
32,600
42,69
22,565
0,87
0,22
10,154
0,8
95,6966
7,207
219,7816
36,889
7,278
0,37
21,287
228,40872
3,0
0,63
59,13
0,2
4,10
0,44
5,86
0,315
0,13
2,2
0,197
6,22
0,124
0,0
10,12
0,3
0,4
0,24
0,5
20,17
0,29
0,276
0,48
12,269
0,399
58,1727
184,15344
3,87
4,746
5,206
9,740
8,166
113,26554
0,314
21,1949
3,120
0,302
2,24
0,174
2,5
0,14
0,12
1,175
0,2
0,21
0,5
0,95
0,10
0,47
0,237
0,37
0,80
23,546
0,63
7,127
35,1109
0,79
34,5385
24,62
29,156
32,420
0,259
9,1351
2,12
19,123
0,201
0,9
0,61
0,186
3,92
648,2729