0,0
0,0
0,0
0,0
0,0
0,0
0,0
0,0
0,0
0,0
0,0
0,0
0,0
0,0
0,0
0,0
0,0
0,0
0,0
0,0
0,0
0,0
0,0
0,0
0,0
0,0
0,0
0,0
0,0
0,0
0,0
0,0
0,0
0,0
0,0
4,0
0,3
0,0
0,0
0,0
0,0
0,0
0,0
0,0
11,0
0,0
0,0
0,0
0,0
0,0
0,0
0,0
0,0
0,0
0,0
0,0
0,0
0,0
8,0
0,0
0,0
0,0
0,0
0,0
0,0
0,0
0,0
0,0
0,0
23,1549
0,0
0,0
0,0
0,0
0,107
0,1
0,96
0,99
0,136
0,1
0,0
7,760
0,0
0,0
0,0
4,21
0,9
0,5
0,1
0,1
0,0
0,6
0,0
0,0
19,0
0,0
0,0
0,0
0,0
0,0
0,0
94,62
0,1
0,0
52,2
0,1
0,0
0,0
0,0
0,0
0,0
0,0
0,0
0,0
0,0
0,0
0,0
0,0
0,0
0,0
0,0
0,0
0,0
0,0
6,0
0,0
0,0
0,0
0,0
0,0
0,0
0,0
0,0
0,0
0,0
0,0
0,0
0,0
0,0
0,0
0,0
0,0
0,0
9,0
0,0
7,0
0,0
0,0
0,0
0,0
0,0
0,0
0,0
0,0
0,0
0,0
0,0
0,0
0,0
0,0
0,0
0,0
0,0
0,0
0,0
0,0
2,0
0,0
0,0
0,0
0,0
0,0
0,0
0,0
0,0
0,0
0,0
0,0
0,0
0,0
0,0
0,0
0,0
0,0
8,818
0,0
0,0
0,1
0,0
0,0
24,437
0,0
0,6
6,27
0,0
0,0
0,0
0,0
0,12
0,1
0,0
0,0
404,4984
0,1
0,20
0,0
0,0
0,4
0,0
0,0
16,8
0,1
0,1
94,1089
15,19
0,0
50,366
5,244
0,0
0,580
55,138
29,180
17,55
0,2
18,251
13,4
18,404
0,12
3,1
0,0
2,0
7,59
42,36
7,29
5,1
0,0
0,0
0,5
0,0
0,104
0,5
0,0
0,33
0,0
42,62
0,0
0,0
0,0
0,7
0,0
0,0
0,0
0,0
0,0
0,0
0,0
0,0
9,59
0,0
13,6
0,0
0,0
7,0
0,0
0,0
0,0
0,0
0,0
0,0
0,0
0,0
10,77
0,0
0,0
0,0
0,0
0,4
0,0
0,0
0,0
0,0
0,0
0,0
4,0
0,0
0,0
0,0
0,0
0,0
0,0
0,0
0,0
0,0
0,0
0,0
0,0
0,0
0,0
0,0
0,0
2,0
0,0
0,0
3,3
0,0
36,275
7,202
12,21
17,14
10,317
6,14
21,18
0,4
15,1
0,32
0,1
7,73
0,0
14,0
0,0
0,0
9,1
44,145
0,0
0,0
0,0
0,0
22,0
0,0
0,0
0,0
0,4
7,0
0,0
0,0
0,0
0,0
0,0
0,0
0,0
0,0
0,0
0,0
0,0
36,19
0,0
0,0
0,0
0,0
0,0
2,0
5,1
0,0
2,0
0,0
0,0
0,1
9,0
0,0
27,74
10,0
0,0
0,0
0,0
56,23
0,0
21,23
0,3
14,20
0,2
0,0
0,0
18,0
6,0
19,0
11,11
0,0
0,0
0,0
0,0
52,2
0,0
0,0
0,0
0,0
0,0
0,0
0,0
0,0
0,0
0,0
0,0
0,0
0,0
0,0
0,0
0,0
0,0
0,0
0,0
0,0
0,0
0,0
0,0
0,0
0,0
8,0
0,0
0,0
0,0
0,0
6,1
0,0
0,0
0,4
0,0
54,46
0,0
0,0
0,0
0,0
0,0
0,0
0,0
0,0
0,0
0,0
68,69
0,0
2,0
0,0
0,0
0,0
0,0
0,0
0,0
0,0
0,0
10,0
0,0
0,0
0,0
0,0
48,49
0,0
0,0
0,0
0,0
0,0
0,0
9,44
0,0
0,0
0,0
0,0
0,0
0,0
0,0
0,0
0,0
0,0
0,0
0,0
0,0
0,0
0,0
0,0
0,0
0,0
0,0
0,0
0,0
0,0
0,0
0,0
0,0
0,0
0,0
0,0
0,0
0,0
0,0
0,0
0,0
0,0
0,0
0,0
0,0
0,0
0,0
0,0
0,0
0,0
0,0
0,0
0,0
0,0
0,0
0,0
0,0
0,0
0,0
0,0
0,0
0,0
31,0
0,0
0,0
0,0
0,0
0,0
0,0
0,0
0,0
0,0
0,0
0,0
0,0
0,0
0,0
0,0
0,0
0,0
0,0
0,0
0,0
0,0
0,0
0,0
0,0
5,0
0,0
0,0
0,0
0,0
0,0
0,0
0,0
0,0
0,0
0,0
0,0
0,0
0,23
0,0
5,0
0,0
0,0
0,1
0,0
0,0
0,2
0,0
3,0
0,23
0,0
0,0
0,0
0,0
0,0
0,0
0,0
0,0
0,0
0,0
0,0
0,1
0,0
4,249
0,8
0,0
0,0
0,0
21,0
0,0
0,3
4,0
0,0
10,0
0,0
8,1
0,0
6,0
0,0
0,0
0,0
0,0
0,0
0,0
0,0
0,0
0,0
0,0
0,0
8,0
0,0
0,0
0,0
0,0
0,0
53,4419
0,0
0,0
0,1
0,0
0,0
16,421
0,0
0,0
0,0
0,0
0,0
0,0
0,0
0,0
0,0
0,0
0,0
0,0
0,0
0,0
0,0
0,0
0,0
0,0
0,0
0,0
0,0
0,0
5,73
0,0
0,0
0,0
16,205
0,0
0,0
0,0
0,0
0,0
0,0
9,33
0,0
6,0
0,0
0,6
0,0
0,0
0,0
0,0
0,0
0,0
0,0
0,0
0,0
0,0
0,0
0,1
0,0
0,0
0,0
0,0
0,0
2,0
0,0
0,0
0,1
0,4
0,0
0,0
0,0
0,0
0,0
0,0
0,0
0,1
0,0
0,0
0,0
0,0
0,0
0,0
0,0
0,0
36,146
0,0
0,6
0,0
0,0
25,17
0,0
0,0
0,0
0,0
0,0
0,0
0,0
10,0
0,0
0,0
0,0
0,0
0,0
6,0
0,1
0,2
0,0
0,3
0,0
0,0
0,0
0,0
0,0
0,0
0,0
0,0
0,18
0,0
0,0
0,2
0,0
0,0
0,0
0,0
0,0
0,0
0,0
0,0
0,3
0,0
12,0
0,0
16,69
0,2
0,0
0,3
14,89
0,0
0,0
0,0
0,0
0,0
0,0
0,0
0,0
0,0
0,0
0,0
5,0
0,0
0,0
0,9
0,0
0,0
7,0
0,0
0,0
0,0
0,15
0,0
0,0
0,0
0,0
0,1
0,0
0,0
0,0
0,0
0,0
0,0
1,0
5,0
0,0
0,0
0,0
0,0
0,0
5,0
0,0
0,0
0,0
0,0
0,0
0,0
0,0
0,0
0,0
0,0
0,0
0,0
0,0
0,0
0,0
0,0
0,0
0,0
0,0
0,0
0,0
0,0
0,0
0,0
0,0
0,0
5,0
0,0
0,0
0,0
0,0
0,0
0,0
0,0
0,0
0,0
0,0
0,0
0,0
0,0
0,0
0,0
0,0
0,0
0,0
0,0
0,0
0,0
0,0
0,0
0,0
0,0
0,0
0,0
0,0
0,0
0,0
0,0
0,0
2,0
0,0
0,0
0,0
0,0
0,0
0,0
0,0
0,0
0,0
0,0
0,0
0,0
0,0
0,0
0,0
0,0
0,0
0,0
6,1
0,0
0,0
0,0
0,0
0,1
0,0
0,0
0,0
0,0
0,0
0,0
0,0
0,0
0,0
0,0
0,0
0,0
0,0
0,0
0,0
0,0
0,0
0,0
0,0
0,0
0,0
0,0
0,0
0,0
0,0
0,0
0,0
0,0
0,0
0,0
0,0
0,0
0,0
0,0
0,0
0,0
0,0
0,0
0,0
0,0
0,0
0,0
0,0
0,0
0,0
0,0
0,0
0,0
0,0
0,0
0,0
0,0
0,0
0,0
0,0
0,0
0,0
0,0
0,0
0,0
0,0
0,0
0,20
0,0
0,0
0,0
8,0
0,0
0,0
0,0
0,0
0,0
0,0
0,0
0,0
0,0
0,0
0,0
0,0
0,0
0,0
0,0
0,0
0,0
0,0
0,0
0,0
0,0
0,0
0,0
0,0
0,0
0,0
0,0
0,0
0,0
0,0
0,0
0,0
0,0
0,0
0,0
0,0
10,0
0,0
0,0
0,0
0,0
0,0
0,0
0,0
0,0
0,0
0,0
0,0
0,0
0,0
0,0
0,0
0,0
0,0
0,1
0,0
0,0
0,0
0,0
0,0
0,0
0,0
0,1
0,0
0,0
0,0
0,0
0,0
0,0
0,0
0,0
0,0
0,0
0,2
0,0
0,0
0,0
0,0
0,0
0,0
0,0
0,0
0,0
0,0
0,0
2,0
0,0
0,0
0,2
0,0
0,0
0,0
0,0
2,0
0,0
0,0
0,0
0,0
0,0
0,0
0,0
0,0
0,0
0,0
0,0
0,0
0,0
0,0
0,0
0,0
17,16
0,0
0,0
0,10
0,0
0,0
0,0
0,0
0,0
0,0
0,0
0,0
0,0
0,0
0,0
0,0
0,0
0,0
0,0
0,0
0,0
0,0
0,0
6,0
0,0
0,0
0,0
0,0
0,0
0,0
0,0
0,0
0,0
0,0
0,0
0,0
0,0
0,0
0,0
0,0
0,0
0,0
0,0
0,0
0,0
0,0
0,0
0,0
0,0
0,0
0,0
0,0
0,0
0,0
0,0
0,0
0,0
0,0
0,0
0,0
6,0
0,0
0,0
0,0
0,0
0,0
0,0
0,0
0,0
0,0
0,0
0,0
0,0
0,0
7,0
0,0
0,0
0,0
0,0
0,0
0,0
13,1
0,0
0,0
0,0
0,0
0,0
0,0
0,0
0,0
19,10
0,0
0,0
0,0
0,0
0,0
0,0
0,0
0,0
0,0
6,3
0,0
0,0
0,0
0,0
0,0
0,0
0,0
0,0
0,0
0,0
0,0
0,0
0,0
0,0
0,0
0,0
8,0
0,0
0,0
0,0
16,0
0,0
0,0
5,0
0,0
0,0
0,0
0,0
0,100
21,134
0,83
0,205
16,3
6,4
8,968
0,68
0,4
0,43
0,144
0,0
0,99
15,305
0,1
0,0
0,9
0,1
0,4
0,0
0,14
0,0
15,20
0,33
0,0
27,354
0,391
0,0
6,0
0,0
0,0
0,1
0,0
0,0
0,131
7,8
2,1
0,247
0,0
6,674
2,2
19,74
0,12
24,2374
0,0
20,683
38,304
0,470
20,407
0,50
0,18
2,7
0,11
0,0
0,0
0,0
0,2
4,63
0,0
3,3
2,1
0,7
0,0
0,3
0,10
2,0
0,15
0,0
0,2
0,0
7,26
0,6
0,0
5,0
0,1
0,1
0,1
0,8
0,53
14,103
0,4
0,38
0,0
0,3
0,30
0,18
0,0
0,84
0,4
0,0
0,0
0,58
0,0
2,21
0,0
0,0
0,0
0,15
0,0
0,2
0,0
8,9
0,0
0,0
0,0
0,1
0,0
0,0
4,0
7,42
1,59
0,0
24,83
0,0
0,1
0,21
0,2
0,0
0,0
6,125
3,2
2,30
0,1
0,0
0,0
0,0
0,1
0,1
0,2
0,0
0,1
0,56
0,1
0,0
3,2
2,123
7,0
0,1
3,0
0,0
0,0
0,0
0,0
52,477
2,0
2,1
4,1
0,13
0,0
0,0
0,0
0,0
0,0
0,0
0,0
0,0
0,0
0,0
0,0
0,0
0,1
0,0
0,0
0,0
0,0
0,2
0,0
0,4
0,7
0,0
0,0
0,93
1,0
16,215
0,1
0,0
0,0
0,0
0,0
0,3
0,7
0,0
0,13
0,0
0,0
0,0
0,1
0,0
3,0
0,0
0,0
0,48
0,0
0,0
0,0
0,8
0,0
0,0
0,0
0,0
0,0
0,0
0,0
0,0
0,0
0,0
0,0
0,0
0,0
0,0
0,0
0,0
0,0
0,0
0,0
0,0
0,0
0,0
0,0
0,0
11,0
0,0
0,0
0,0
0,0
0,0
0,0
0,0
0,0
0,0
0,0
0,0
0,0
0,0
0,0
0,0
0,0
0,0
0,0
6,0
0,0
0,0
0,0
0,0
0,0
0,0
0,0
0,0
0,0
0,0
0,0
0,0
0,0
0,0
0,0
0,0
0,0
0,0
0,0
0,0
0,0
0,0
0,0
0,0
4,0
0,0
0,0
0,0
0,0
0,0
5,0
0,0
0,0
0,0
0,0
0,0
0,0
0,0
0,0
0,0
0,0
0,0
0,0
0,0
0,0
0,0
0,0
0,0
0,0
0,0
0,0
0,0
0,0
3,0
0,0
0,0
0,0
0,0
0,0
0,0
0,0
0,0
3,1
0,0
0,0
0,0
5,0
0,0
0,0
0,0
0,0
0,0
0,0
0,0
0,0
0,0
0,0
10,0
0,0
0,0
0,0
0,0
0,0
0,0
0,0
0,0
9,28
0,0
7,4
0,0
0,0
3,0
0,0
0,0
0,0
0,0
4,0
0,0
0,0
2,0
0,0
0,0
0,0
0,0
0,0
0,0
0,0
0,0
0,0
0,0
0,0
7,0
0,0
0,0
0,0
0,0
0,0
8,0
0,0
0,0
0,0
0,0
0,0
6,0
0,0
0,0
0,0
0,0
0,0
0,0
9,13
0,0
0,0
0,0
23,115
0,0
0,0
0,0
0,0
0,0
0,0
6,0
0,0
0,0
0,0
2,0
0,0
0,0
0,0
0,0
7,0
0,0
0,0
0,13
7,0
0,0
0,0
2,0
0,0
3,53
0,7
0,0
0,2
0,0
0,0
0,0
8,7
0,0
0,0
0,0
0,5
0,0
0,22
0,36
0,0
0,0
0,0
0,0
0,61
0,0
0,2
0,0
0,0
0,0
0,0
0,13
0,9
0,0
0,1
0,2
0,0
0,0
0,4
0,0
0,0
0,0
0,45
0,0
0,0
0,0
0,0
0,0
0,0
0,0
0,0
0,0
0,0
0,0
0,0
0,0
0,0
0,0
0,0
0,0
0,0
0,0
0,0
0,0
0,0
0,0
0,0
0,0
0,0
0,0
5,5
0,0
0,0
0,0
0,0
0,0
0,0
0,0
0,0
0,0
0,0
0,0
0,0
0,0
0,0
0,0
0,0
0,0
0,0
0,0
0,0
0,0
0,0
0,0
0,0
0,0
0,0
0,0
0,0
0,0
0,0
0,0
0,0
0,0
0,0
0,0
0,0
0,0
0,0
0,0
0,0
0,0
0,0
7,0
0,0
0,0
0,0
0,0
0,0
0,2
0,0
0,0
6,0
0,0
0,0
0,0
0,0
0,0
0,0
0,0
0,0
0,0
0,0
0,0
0,0
0,0
0,0
67,15
0,0
4,0
0,0
0,0
0,0
0,0
0,0
0,0
0,0
0,0
0,0
0,0
8,4
0,0
0,0
0,5
0,3
1,1
2,44
4,176
1,37
37,197
0,37
1,2
0,4
56,555
0,97
2,138
0,1
0,1
28,393
4,31
5,278
21,6
9,38
81,375
11,212
9,144
2,119
0,178
0,0
10,62
0,11
19,199
0,4
0,1
0,0
0,0
0,0
0,0
20,0
0,0
0,0
20,0
0,0
0,0
0,0
0,0
0,0
0,0
0,0
0,0
0,0
0,0
0,0
0,0
0,0
0,0
0,0
0,0
0,0
0,0
0,0
6,0
0,0
0,0
0,0
0,0
10,28
11,1140
0,3
20,113
0,9
1,0
0,1
0,2
0,0
0,34
0,3
2,0
0,0
0,72
56,3936
0,41
3,25
19,5695
0,1
0,1208
122,624
0,188
27,420
0,258
0,53
0,475
0,0
0,6
14,4322
0,24
0,138
5,49
8,99
0,15
0,0
0,4
0,18
0,65
14,977
0,0
7,1
0,7
0,10
2,32
0,12
0,534
50,537
0,9
11,0
0,0
0,0
0,0
0,0
0,0
0,0
0,0
0,0
0,0
0,0
0,0
0,1
0,0
0,0
0,0
0,0
0,0
0,0
0,0
0,0
0,0
0,0
0,0
0,0
0,1
0,0
0,0
0,1
0,0
0,0
0,1
0,0
1,4
0,0
7,1
22,0
0,0
0,0
0,0
8,5
0,0
0,0
0,0
0,0
0,0
0,0
0,0
0,0
0,0
0,1
0,0
0,0
0,0
0,0
0,0
0,0
0,0
0,0
17,14
0,0
0,0
4,0
0,0
0,0
0,0
0,0
0,1
0,0
0,0
0,0
0,0
0,0
15,0
0,0
0,1
0,0
0,0
8,0
0,0
0,0
0,0
0,0
0,0
0,0
0,0
0,0
0,0
0,0
0,0
8,0
20,32
0,0
0,0
0,0
0,0
0,0
0,0
0,0
0,0
5,0
0,2
0,8
0,0
0,0
0,132
11,191
0,0
0,0
0,0
0,0
0,0
0,0
0,235
0,0
0,0
0,0
0,0
0,0
0,0
0,0
0,3
0,9
0,1
0,71
0,1
0,0
0,0
0,1
0,0
0,0
0,0
0,0
0,6
0,0
0,3
0,5
0,0
0,0
0,3
0,5
0,138
6,0
0,1
0,3
0,0
0,54
0,1
0,1
5,9
0,18
0,0
0,39
0,0
0,4
34,8403
6,1
5,1
0,23
0,17
0,0
4,240
0,4
0,0
7,96
0,14
2,0
8,112
0,3
9,1
0,0
0,2
0,0
0,0
0,1
0,13
0,0
0,6
0,2
15,1162
0,0
0,24
2,1
9,684
6,1
0,196
0,2
0,168
0,0
0,0
5,3
0,0
0,80
0,0
0,1
0,2
0,0
0,0
0,0
0,1
2,0
0,161
0,0
0,1
0,15
0,1
0,57
0,0
0,31
0,0
4,229
31,849
0,202
0,10
0,1
0,0
0,0
0,18
0,0
13,24
0,1
10,80
0,1
0,0
0,0
0,0
0,0
0,0
3,0
0,0
0,0
10,0
2,0
0,0
3,0
0,0
6,1
0,0
7,0
0,0
0,0
0,0
0,0
0,0
0,0
0,0
0,0
0,0
0,0
0,0
0,0
0,0
0,0
0,0
0,0
0,0
0,0
0,0
4,0
0,0
0,0
0,0
0,0
0,0
3,0
0,0
0,0
0,0
0,0
0,0
0,0
2,0
0,0
0,0
0,0
0,0
0,0
0,1
0,0
0,0
0,0
0,0
0,0
1,0
0,0
0,0
0,0
0,0
0,0
0,0
0,0
13,0
0,0
0,0
21,1
0,0
0,0
0,0
0,0
0,0
3,0
0,16
0,950
0,1
0,13
0,0
0,0
0,0
0,4
7,1
0,0
0,0
0,0
6,1
5,3
0,0
0,1
7,0
0,0
6,39
0,1
7,34
0,0
19,224
0,0
14,1813
7,32
0,0
0,1
2,6
0,0
0,0
0,1
0,1270
0,0
0,40
0,1
31,664
12,13
5,104
0,0
0,30
0,1
4,1
14,227
0,121
0,8
0,0
0,1
0,1
32,85
0,3
10,6
0,0
0,0
6,57
6,15
3,16
16,161
0,1
7,798
0,13
0,0
10,1
0,0
0,0
0,0
11,5
2,4
0,0
17,5
0,28
8,32
6,4
16,24
0,16
0,1
0,16
2,46
0,0
0,4
6,274
0,0
10,35
0,1
0,0
30,590
0,0
0,1
4,4
0,0
0,1
0,0
0,0
0,2
0,0
0,10
0,17
3,59
0,0
0,152
0,0
0,41
0,1
0,20
0,2
8,230
6,7
0,0
0,0
0,0
0,0
0,0
0,0
11,0
0,1
0,0
3,1
0,0
5,0
0,0
0,0
0,0
0,0
0,0
0,0
0,0
0,0
0,0
0,0
0,1
0,0
0,0
7,0
0,0
0,0
0,0
18,0
0,0
0,1
0,0
0,0
0,0
0,0
0,0
0,0
0,0
9,1
0,0
11,1
0,0
0,0
0,0
14,1
0,0
0,0
0,0
0,0
0,0
0,0
0,0
0,0
0,0
0,0
0,0
0,0
0,0
0,0
0,0
0,0
0,0
0,0
0,0
0,0
0,0
0,0
0,0
0,0
4,0
0,0
0,0
0,0
0,0
0,0
3,0
0,0
0,0
0,0
0,0
0,0
0,0
0,0
0,0
0,0
0,0
0,0
0,0
0,0
2,0
0,1
0,0
0,0
0,1
0,0
0,1
0,0
0,0
0,0
0,0
0,0
0,0
0,0
0,0
0,0
0,0
0,0
0,0
0,0
0,0
0,0
0,0
0,0
0,0
11,0
0,0
0,0
0,0
0,0
0,0
0,0
3,0
8,0
5,0
0,0
0,0
0,0
0,0
0,0
0,9
0,0
0,0
0,0
0,0
0,0
0,0
0,0
0,0
0,0
0,0
0,0
0,0
0,0
0,0
0,0
0,0
0,0
0,0
0,0
0,0
0,0
0,0
0,0
0,0
0,0
0,0
0,0
0,3
0,0
0,0
0,0
0,0
0,0
0,0
7,0
0,0
0,0
0,0
0,0
0,0
7,0
0,0
0,0
8,0
0,0
2,0
0,0
0,0
0,0
0,0
0,0
0,0
0,0
0,0
0,0
7,1
0,0
0,0
0,0
14,3
0,0
0,0
0,0
0,1
0,0
5,0
0,0
0,0
0,0
0,0
0,0
0,0
0,0
0,0
15,0
0,0
0,0
0,0
0,0
8,0
0,0
0,0
0,0
0,0
0,0
0,0
0,0
0,0
0,0
0,0
1,6
0,0
0,0
0,0
0,0
7,1
0,0
0,0
0,0
0,0
0,0
0,0
0,0
0,0
0,0
0,0
0,0
0,0
0,0
0,0
0,0
0,0
0,0
0,0
0,0
0,0
0,0
0,0
40,22
0,0
0,0
0,0
0,0
0,0
0,0
14,0
0,0
0,0
0,0
0,0
0,0
0,0
67,123
0,0
0,0
0,0
29,21
14,0
0,0
0,0
0,0
0,0
0,0
0,0
0,0
0,0
6,0
0,0
0,0
0,0
0,0
0,0
0,0
0,0
11,7
0,0
0,0
0,0
0,0
10,1
0,0
0,0
0,0
0,0
0,0
0,0
0,0
0,0
0,0
0,0
10,0
0,0
0,0
0,0
0,0
0,0
70,139
0,0
0,0
0,0
12,0
0,0
7,0
0,0
0,0
0,0
0,0
0,0
0,0
0,0
0,0
0,0
0,0
0,0
0,0
0,0
0,0
0,0
0,0
0,0
0,0
0,0
0,0
0,0
0,0
0,0
0,0
0,0
0,0
0,0
0,0
0,0
0,0
0,0
0,0
0,0
0,0
0,0
0,0
0,0
0,0
2,0
0,0
0,0
0,0
0,0
0,0
0,0
0,0
0,0
0,0
0,0
0,0
0,0
0,0
0,0
0,0
0,0
0,0
0,0
8,0
0,0
0,0
0,0
0,0
57,1
0,0
0,0
0,0
3,0
0,0
0,0
0,0
0,0
0,0
0,0
0,0
0,0
0,0
0,0
0,0
0,0
0,0
0,0
0,0
0,0
0,0
0,0
0,0
0,0
8,0
0,0
0,0
0,0
0,0
0,0
0,0
0,0
0,0
0,0
0,0
0,0
0,0
0,0
0,0
0,0
0,0
0,0
0,0
0,0
0,0
0,0
0,0
0,0
0,0
55,99
0,0
0,0
0,0
0,0
0,0
0,0
0,5
0,0
0,0
0,0
0,0
0,0
9,0
9,0
9,0
0,0
0,0
0,0
0,0
0,0
0,0
0,0
0,0
0,0
0,0
12,1
9,0
0,0
0,0
0,0
0,0
0,0
0,0
0,0
0,0
0,0
0,0
0,0
0,0
0,17
0,0
0,0
0,0
0,0
0,0
0,0
0,0
0,0
0,0
0,0
0,0
36,36
0,0
1,0
0,0
0,0
0,0
4,0
0,8
0,0
0,0
0,0
0,5
6,75
0,0
0,36
0,6
2,0
10,12
0,0
0,0
7,0
0,0
0,0
0,0
11,22
0,0
0,0
0,0
0,0
0,0
0,0
0,0
0,0
0,0
0,0
0,0
0,0
0,0
29,18
0,0
0,0
7,0
0,0
0,0
0,0
0,0
15,499
12,0
0,0
0,0
0,0
0,0
0,0
0,0
0,0
0,0
0,0
0,0
0,0
0,1
0,18
0,0
0,0
0,0
18,0
0,0
0,0
0,0
2,0
0,0
0,15
0,0
0,0
0,0
0,0
0,0
0,0
0,0
0,0
0,0
0,0
0,0
0,0
0,0
0,0
0,0
0,0
0,0
0,0
0,0
0,45
0,0
0,0
0,0
0,1
0,0
0,0
0,0
0,0
0,0
0,0
0,0
0,1
0,1
0,0
0,0
0,0
0,0
0,0
0,0
0,0
0,0
0,0
0,9
0,0
0,0
0,0
0,0
9,10
0,0
0,0
0,0
0,0
0,0
0,0
0,0
0,0
0,0
0,0
0,1
0,0
0,0
0,0
0,0
0,0
0,0
0,0
0,4
0,5
0,0
0,0
0,0
0,1
0,0
0,4
0,0
0,0
0,0
0,0
0,47
0,0
0,0
0,0
0,0
0,1
14,64
0,20
41,765
0,0
23,20
0,18
0,12
0,0
0,5
0,35
0,59
132,9504
7,622
0,2
0,1
0,13
0,0
0,29
0,1
26,3874
0,0
31,8112
38,472
0,327
0,0
0,3
0,3
0,34
0,0
0,1
0,0
0,0
0,0
0,0
0,0
0,0
0,0
0,0
0,0
0,0
0,0
0,0
7,0
0,0
0,0
0,0
5,0
16,0
0,0
0,0
0,0
0,0
0,0
0,0
0,0
0,0
14,0
0,0
0,0
0,0
0,0
0,0
0,0
0,0
0,0
0,0
0,0
0,0
0,0
0,0
0,0
0,0
0,0
0,0
0,0
0,0
0,0
0,0
0,0
10,0
0,0
0,0
0,0
0,0
0,0
0,0
0,0
6,6
0,0
0,0
0,0
0,0
2,0
0,0
0,0
17,8
2,1
0,0
0,2
0,0
0,0
0,0
0,1
0,0
0,0
0,0
0,0
0,0
0,0
0,0
0,1
0,0
5,9
0,0
0,0
0,0
0,0
0,0
0,1
1,1
0,0
0,0
0,0
0,270
0,0
0,0
0,0
0,11
23,2
0,0
0,0
0,0
0,0
1,0
0,15
0,0
0,2
0,0
0,1
0,0
0,0
0,0
0,0
0,0
0,0
0,0
0,0
0,1
0,0
0,7
2,70
0,0
0,0
0,7
0,0
0,0
0,0
6,0
0,0
0,0
0,0
0,0
0,0
0,0
0,0
0,0
0,0
0,0
0,0
0,0
0,0
0,0
0,0
0,0
0,0
0,0
0,0
0,0